75
77
70
76
59
74
66
78
46
79
90
77
4
82
4
82
75
14
75
67
8
9
69
55
85
0
72
87
84
69
68
77
64
74
47
18
0
0
79
66
62
77
0
77
74
79
49
75
72
83
83
57
91
15
56
80
78
81
71
85
79
71
69
76
58
60
5
57
73
92
76
70
63
78
56
47
74
81
0
77
90
23
53
72
68
69
17
70
66
69
62
70
83
43
72
0
78
53
72
60
37
0
0
53
27
64
83
76
82
70
60
81
61
76
33
75
16
77
3
92
47
53
68
70
79
7
74
86
14
71
0
87
66
5
73
76
71
88
78
71
55
83
72
45
65
84
3
0
74
72
76
60
37
73
43
84
0
0
45
54
65
79
87
24
79
72
81
49
54
82
90
82
83
72
62
59
53
80
77
73
79
85
70
84
67
40
79
23
7
74
83
82
70
50
66
73
66
76
60
85
0
72
73
68
77
80
85
95
74
37
73
67
71
27
12
60
72
33
71
2
73
88
66
69
16
12
76
76
83
19
62
79
26
86
84
17
80
69
46
77
5
70
9
55
87
70
28
54
30
48
86
75
29
55
48
57
14
80
66
0
77
67
12
81
0
55
69
73
13
24
90
0
50
70
50
43
0
69
76
66
11
90
74
80
41
80
5
72
57
73
86
66
87
72
78
73
70
89
55
84
52
76
3
47
49
69
92
68
60
75
80
37
89
76
71
52
30
0
10
0
73
68
34
43
68
69
65
54
68
11
79
88
69
72
69
89
5
69
68
63
84
73
3
74
88
71
11
72
57
82
24
74
0
79
7
80
84
62
72
75
16
61
101
84
50
65
82
70
52
77
6
64
14
67
62
70
73
0
75
76
3
61
34
77
62
61
44
0
80
51
23
72
78
85
0
53
93
68
64
59
29
58
77
58
88
49
45
75
66
0
93
84
75
56
84
72
85
87
59
69
32
74
11
54
79
71
60
53
76
62
40
0
0
63
10
77
74
51
71
6
92
16
84
0
56
38
34
76
84
63
12
81
43
85
66
70
81
53
72
73
77
73
43
57
58
3
72
114
73
48
0
73
64
32
51
64
74
70
0
87
55
77
74
60
78
27
64
75
6
0
18
74
14
76
57
72
4
13
65
32
65
0
52
74
71
52
81
88
89
71
83
76
83
82
80
34
76
66
55
52
74
53
25
79
78
87
83
40
84
78
72
60
73
69
89
66
78
54
73
2
29
74
74
86
7
73
63
72
81
66
77
80
16
26
75
80
14
73
83
0
73
75
92
76
78
6
41
55
83
35
73
63
51
72
78
70
77
84
17
74
79
75
0
76
0
74
45
71
68
78
48
83
48
83
53
39
10
77
83
31
31
22
73
81
24
76
43
81
32
75
78
8
76
77
86
35
78
79
21
2
48
48
82
48
69
78
86
83
80
0
6
67
2
64
44
75
87
55
51
79
83
83
80
70
67
65
90
92
81
78
78
62
54
63
81
70
36
0
41
6
0
70
32
22
13
65
72
56
65
73
68
73
72
63
85
0
92
81
76
82
84
28
62
29
78
47
80
69
43
78
10
30
64
76
0
76
63
34
79
78
57
0
10
37
30
86
57
17
79
61
32
65
57
71
74
0
69
74
0
71
74
0
72
59
60
16
77
31
65
52
80
76
50
23
85
2
71
68
56
75
0
106
18
82
2
83
12
15
73
11
78
9
0
69
48
68
9
67
50
76
72
60
39
5
75
65
104
17
0
70
62
0
0
80
4
40
81
74
0
71
81
83
78
62
33
51
4
74
72
76
41
61
12
62
66
8
36
72
64
74
84
72
57
69
74
17
67
3
0
66
80
77
74
66
36
0
50
69
80
67
52
78
77
70
46
25
77
22
4
45
73
90
51
24
7
67
27
36
58
68
74
72
75
73
0
77
72
20
27
75
84
56
74
13
80
74
52
0
45
82
69
67
74
56
19
19
65
37
56
89
22
59
78
13
31
83
7
0
10
79
74
0
33
22
44
71
78
82
57
0
6
79
79
95
71
68
73
52
84
2
77
81
86
10
44
73
30
13
81
81
70
79
77
80
67
72
85
83
64
58
55
41
76
85
77
50
71
67
78
61
73
65
76
7
74
81
19
40
74
15
59
80
25
75
64
76
44
76
24
81
68
59
75
51
67
77
61
78
68
69
54
74
92
74
80
47
82
30
0
71
35
42
82
40
43
7
3
70
54
59
69
61
68
66
78
29
71
67
86
0
0
70
5
77
65
70
61
41
50
69
33
80
71
75
74
69
79
42
71
0
70
62
53
87
65
55
78
66
13
39
67
86
80
55
40
83
71
70
9
34
58
72
70
0
0
35
82
66
35
73
74
77
45
68
77
37
8
68
68
74
30
73
84
45
72
94
77
52
90
54
38
23
61
61
26
57
73
25
78
62
62
41
28
66
51
0
72
78
78
75
61
5
87
40
0
64
85
58
72
86
74
70
72
70
66
75
42
72
26
52
80
77
0
46
80
78
36
60
5
0
70
72
8
94
86
53
9
5
0
81
74
81
67
116
2
8
62
37
48
94
84
49
65
36
91
33
81
7
92
43
88
56
62
74
60
64
74
81
79
88
76
81
75
95
5
57
72
7
71
67
71
78
10
77
70
83
83
74
0
67
43
42
28
48
87
61
47
22
78
75
0
42
0
83
80
78
76
91
39
74
91
63
0
71
68
63
3
13
72
45
76
57
52
11
41
17
74
70
0
78
41
30
51
41
88
8
103
0
25
79
75
68
79
61
9
79
8
77
78
70
84
47
54
50
41
75
82
59
3
81
96
90
76
79
81
75
65
81
61
71
0
44
73
88
82
82
39
49
72
34
85
82
79
55
48
75
74
82
0
31
83
76
80
5
80
90
18
71
73
89
10
83
80
28
59
66
64
43
35
71
60
74
14
30
80
69
0
0
77
28
93
77
2
79
77
3
80
4
83
60
70
22
71
0
58
85
75
78
41
69
41
64
78
25
48
74
84
77
87
68
82
32
3
77
64
77
30
73
50
80
71
55
74
73
6
61
75
54
16
42
5
79
85
87
73
83
62
72
74
58
6
41
16
72
63
73
27
74
69
63
7
72
17
56
55
75
55
73
42
5
63
13
62
66
79
96
73
35
76
50
39
28
77
50
11
40
72
61
10
25
3
38
53
36
80
91
84
44
81
25
55
74
73
76
70
76
9
73
72
82
73
76
23
71
70
64
84
8
72
52
76
0
52
74
89
31
79
70
79
55
81
43
48
54
82
65
78
21
71
83
76
69
84
63
54
86
78
0
60
23
42
86
77
74
70
62
69
65
86
51
15
50
75
83
40
80
17
21
74
74
57
62
61
75
64
69
26
76
61
79
1
69
13
60
69
81
67
68
25
37
13
73
57
64
70
99
79
68
76
40
76
65
33
70
50
81
90
44
67
9
3
84
65
17
70
73
71
74
87
62
48
4
65
73
70
12
64
102
80
58
67
68
15
15
45
56
60
0
70
69
0
78
49
6
53
66
33
17
71
64
88
78
49
5
75
74
12
71
65
21
84
91
74
87
88
92
82
95
68
61
89
76
77
70
76
81
81
74
3
64
71
5
14
36
59
74
81
81
51
66
6
87
0
0
62
47
80
71
47
62
73
82
83
92
49
72
84
82
84
72
50
70
77
57
81
75
83
63
78
60
68
69
70
56
70
73
78
63
28
6
36
66
77
82
77
80
92
75
74
79
80
80
63
78
74
49
71
73
5
68
56
86
74
33
69
83
72
82
96
79
72
82
74
69
56
31
55
72
81
78
70
91
0
62
71
40
85
73
74
68
83
71
67
75
70
0
88
33
61
59
69
68
29
0
48
75
72
11
0
51
81
71
73
69
73
78
75
71
76
72
40
93
86
74
76
78
31
76
21
17
71
75
69
77
67
76
72
66
26
64
71
76
70
84
53
21
73
65
59
86
54
81
61
80
54
75
30
63
44
21
49
69
18
74
64
81
80
64
7
73
48
83
81
79
74
35
30
79
70
0
72
80
73
54
55
78
84
46
70
66
67
75
77
66
63
85
0
58
0
105
49
61
63
51
0
72
31
58
64
85
72
65
72
87
6
74
77
53
77
57
2
57
77
43
69
55
16
44
70
79
57
72
79
79
72
74
61
54
47
78
77
80
4
61
4
96
73
69
67
46
90
87
103
44
52
53
5
72
7
52
9
53
63
21
45
18
46
35
78
4
90
15
13
93
81
74
81
49
67
61
43
69
86
92
83
58
72
21
53
82
68
33
77
79
66
74
86
76
78
70
86
74
17
74
61
77
68
97
70
7
14
59
76
63
85
16
79
55
90
82
82
55
72
34
48
74
63
68
72
88
51
64
96
84
53
8
68
70
92
40
81
79
65
81
4
0
23
67
20
73
69
51
56
81
62
66
65
35
0
0
5
74
81
81
39
53
49
70
1
43
17
78
70
84
57
73
66
78
45
62
78
85
66
80
87
36
71
81
44
75
84
53
54
68
30
61
82
70
74
18
79
71
92
76
31
68
35
72
53
61
78
67
73
69
55
71
29
3
56
47
84
78
69
73
68
72
78
36
87
93
87
93
70
43
81
59
86
63
80
81
87
52
73
0
73
50
21
38
65
64
21
61
70
81
85
61
79
93
56
66
78
77
61
0
41
65
59
62
77
63
55
42
59
81
74
3
94
0
73
83
68
81
71
41
49
73
55
86
71
91
69
73
6
54
87
6
66
66
28
71
74
78
6
97
0
72
6
0
2
74
38
83
80
68
80
74
86
13
66
74
66
78
5
18
77
71
47
86
73
78
0
63
81
74
75
78
35
72
1
74
72
96
48
5
71
26
59
79
81
81
29
37
81
73
75
34
0
76
75
86
83
58
50
80
64
9
0
82
77
47
63
67
77
49
79
52
66
46
61
62
7
72
78
73
41
2
53
77
72
63
86
72
86
36
73
73
83
47
78
76
74
75
40
12
81
77
77
54
55
39
0
92
80
23
71
0
51
67
81
66
77
63
65
84
72
82
46
67
71
0
47
6
90
78
78
77
3
68
86
70
75
90
0
88
74
80
72
3
57
30
49
95
76
19
73
0
36
78
67
15
74
89
84
73
36
49
72
35
50
77
35
54
43
66
80
58
3
53
77
18
16
96
64
81
74
22
0
73
67
82
85
48
83
85
19
49
38
0
76
47
72
32
66
64
84
61
75
60
47
71
88
49
56
33
54
73
83
62
76
69
81
76
76
88
59
0
79
63
15
70
0
77
0
44
77
88
13
36
78
50
19
79
49
75
79
6
78
11
29
88
60
70
80
46
52
97
84
69
69
17
89
73
79
40
71
71
67
91
64
76
67
92
41
52
92
3
79
62
77
0
57
3
62
4
81
85
67
86
71
82
92
64
0
74
84
69
81
5
93
8
80
72
74
87
82
0
84
70
18
46
79
10
92
66
52
0
92
76
77
70
52
11
58
86
7
17
68
34
76
73
85
59
80
67
0
35
69
95
88
12
93
73
49
74
78
81
71
61
61
79
66
83
91
16
77
8
63
33
48
53
72
74
30
53
86
64
72
69
81
26
74
0
73
73
0
73
18
85
65
81
74
85
46
87
54
46
54
59
96
34
69
68
55
47
82
74
53
71
71
70
30
74
82
61
57
77
73
82
77
53
0
74
86
77
57
71
89
60
86
21
97
76
80
66
73
72
26
99
84
5
31
9
78
69
84
13
0
73
30
71
79
0
57
51
61
63
35
88
77
72
46
64
42
73
0
78
71
47
72
73
57
74
70
75
67
76
4
0
0
83
74
13
0
89
74
0
60
6
83
77
0
59
75
71
74
78
88
42
73
79
72
73
75
0
2
62
0
39
72
85
85
19
0
9
0
74
74
22
74
12
28
29
69
35
65
73
44
34
80
78
74
0
0
86
51
59
60
74
70
78
35
71
8
75
85
91
82
81
75
91
73
65
0
58
33
77
100
88
24
12
83
20
61
78
75
34
73
64
73
6
33
0
91
23
84
44
14
39
76
52
21
5
0
51
51
40
36
73
36
0
65
50
69
5
16
3
29
54
64
72
74
65
88
63
73
81
5
65
15
41
75
49
76
67
71
38
78
70
72
59
16
42
59
71
72
0
13
0
63
81
69
0
0
8
30
38
72
17
0
25
4
78
26
71
72
0
74
60
71
86
83
45
75
76
65
77
18
72
82
12
41
26
70
12
82
78
79
76
71
76
70
62
57
68
62
82
78
46
0
85
76
72
24
19
63
87
17
85
41
79
77
31
7
86
77
0
76
64
75
75
73
70
68
43
85
53
33
7
33
0
69
53
68
54
73
65
42
0
45
32
71
0
26
67
23
88
81
0
42
83
24
23
35
0
16
67
61
21
81
25
39
68
69
76
76
80
75
75
79
34
90
19
6
10
75
59
81
70
53
69
69
34
38
42
26
61
17
0
77
70
19
33
71
18
79
64
62
74
57
57
61
87
67
44
63
27
75
55
42
68
73
49
46
80
84
83
36
75
72
10
6
84
94
0
32
79
72
13
66
0
53
73
12
52
83
81
83
69
0
47
56
47
78
59
10
70
84
67
0
68
81
44
87
0
82
1
79
57
0
76
75
43
35
63
58
79
16
58
20
73
55
86
76
67
51
92
44
72
0
67
45
32
68
62
93
76
66
37
25
2
0
72
79
20
69
74
0
57
0
6
29
13
83
81
0
84
78
73
26
0
7
70
0
90
81
76
79
67
86
30
45
15
46
79
81
75
64
113
72
72
85
36
0
72
0
67
84
75
69
23
73
19
72
90
16
63
0
73
76
77
74
62
70
93
44
90
7
82
72
9
26
72
78
73
75
18
99
5
72
2
3
83
74
72
65
0
0
61
0
80
0
73
74
70
78
0
73
60
23
85
21
80
57
74
80
76
24
34
2
78
30
0
34
0
26
79
37
40
59
74
27
56
54
91
40
0
44
70
0
56
79
14
83
77
22
21
75
68
2
78
79
79
67
58
46
26
81
6
81
0
9
85
41
60
70
0
23
72
28
5
75
36
0
0
0
7
64
72
89
86
43
62
64
20
23
79
79
0
63
8
97
38
74
69
76
75
70
29
76
57
89
80
60
47
0
0
83
25
73
17
66
47
77
71
12
64
65
0
0
17
60
55
76
33
52
79
0
12
77
89
67
81
78
74
80
2
0
73
20
0
0
21
68
112
75
75
54
7
34
70
55
0
31
68
14
10
59
91
82
100
71
6
73
82
83
8
71
76
46
6
77
18
50
13
12
45
70
90
6
70
75
70
0
56
0
69
38
0
66
14
29
63
2
4
84
54
51
19
68
76
79
0
86
55
68
0
87
0
64
7
5
39
10
51
47
70
8
79
61
79
61
0
61
2
35
60
45
50
75
21
0
98
68
11
60
84
84
79
77
67
0
72
23
0
79
0
0
56
69
34
51
23
68
5
86
19
28
70
76
45
0
57
0
10
79
76
73
0
10
80
13
82
2
68
0
17
83
75
0
0
68
80
26
0
90
0
0
0
86
13
73
71
23
15
12
51
16
82
59
79
0
28
29
74
34
76
71
64
88
73
80
67
55
52
41
82
25
73
53
79
7
79
51
71
7
65
55
57
87
57
54
83
0
0
78
38
81
13
6
80
0
75
31
19
7
76
84
64
0
16
30
78
52
49
67
0
10
50
72
6
20
14
14
88
21
0
0
30
0
45
0
44
7
44
0
60
0
36
0
0
13
10
61
58
37
44
2
73
76
80
0
15
91
0
43
6
84
64
34
78
2
82
0
39
77
33
73
70
67
59
32
78
0
70
94
57
0
13
2
35
57
0
73
46
52
94
0
10
75
90
0
58
77
31
72
31
92
81
0
79
65
75
46
73
0
0
0
77
37
5
64
15
0
0
57
88
22
69
81
77
31
64
61
60
0
13
69
74
15
0
74
44
80
52
0
58
0
28
76
103
14
13
81
15
14
0
5
5
19
0
55
0
0
67
69
69
61
0
20
0
48
41
64
4
78
96
0
70
89
77
49
81
14
79
0
60
42
86
78
0
69
3
0
0
0
79
73
15
75
0
72
0
55
43
3
76
0
7
46
72
67
93
5
77
74
0
82
26
66
0
49
66
68
44
60
72
42
28
0
88
80
68
72
16
84
30
74
72
67
100
77
9
0
80
62
19
16
74
47
35
77
47
59
78
1
41
77
42
24
0
0
76
72
34
0
0
73
48
27
62
0
44
13
84
50
0
0
69
32
79
61
80
76
88
73
77
69
74
57
11
5
55
21
77
0
59
79
28
0
6
72
25
53
80
70
26
0
75
76
0
54
53
25
0
18
79
72
76
0
2
44
0
0
67
77
62
54
72
51
65
73
75
38
0
7
11
69
82
72
76
25
0
80
0
15
71
0
0
70
22
73
72
68
0
51
75
86
74
0
77
83
6
41
73
18
29
0
75