5
7
8
7
2
14
0
0
7
9
6
74
75
59
70
74
96
73
8
75
77
17
75
71
0
58
90
91
96
7
89
0
75
44
75
89
0
18
82
19
96
72
102
0
94
85
103
86
87
67
48
83
83
92
17
91
0
16
73
24
70
57
101
69
74
25
62
12
60
73
49
0
70
77
101
87
70
80
58
62
94
64
75
96
90
77
82
8
83
0
91
70
13
63
89
88
79
24
85
14
89
65
95
99
49
77
78
3
80
3
101
86
94
71
93
10
80
93
75
22
69
71
0
6
73
24
0
18
15
11
19
66
66
12
12
76
8
66
0
32
42
75
18
63
0
78
71
63
60
0
5
0
63
65
17
69
14
0
75
71
4
0
2
64
7
23
92
79
0
37
3
12
63
69
3
82
75
8
13
46
15
10
8
48
14
0
12
7
83
27
13
0
21
63
17
29
15
13
24
14
72
22
27
89
19
16
0
12
74
2
86
20
9
103
6
0
21
12
18
62
37
13
8
39
67
0
20
107
78
79
0
75
55
4
66
7
18
16
30
84
70
75
73
12
50
19
38
90
7
70
48
20
0
19
19
9
15
94
21
73
39
13
14
11
66
17
80
5
17
32
73
16
74
16
15
14
13
97
75
71
9
4
71
19
11
3
5
87
74
70
18
77
21
5
0
70
7
62
10
106
33
115
74
85
85
71
100
82
78
83
72
89
93
49
90
86
99
76
75
90
32
82
63
57
83
30
59
93
13
82
79
81
44
41
68
0
97
17
82
13
0
75
83
26
71
80
72
58
36
13
21
6
93
8
9
63
11
10
65
8
8
58
10
9
47
74
84
88
6
26
23
49
0
15
63
16
78
8
74
7
77
8
11
0
84
6
84
10
0
27
69
14
84
84
10
85
4
18
76
79
11
98
78
101
11
16
24
21
84
61
63
76
76
81
0
79
63
98
43
91
85
0
24
73
13
76
18
78
35
82
69
74
15
75
32
57
8
18
18
30
69
12
80
1
4
69
59
82
9
9
9
92
80
15
80
81
0
89
6
87
76
74
16
81
90
71
104
85
49
100
88
75
93
94
81
81
87
77
21
86
48
46
39
46
48
25
97
91
57
82
67
0
80
84
45
48
19
0
81
82
78
6
0
63
67
0
78
0
0
56
0
0
69
0
70
80
61
59
72
0
81
85
54
57
57
20
73
57
45
73
75
76
67
73
0
79
66
10
0
75
65
65
65
53
0
0
0
0
69
54
84
75
0
64
73
76
88
48
67
21
62
67
59
11
17
11
19
10
67
13
20
9
2
1
4
10
11
43
8
20
11
14
4
9
12
9
12
7
13
15
7
17
13
70
8
12
10
24
4
21
32
18
15
18
8
10
14
21
13
71
6
20
12
21
15
36
14
43
22
5
15
8
16
28
7
14
3
6
9
16
15
6
15
13
12
16
42
8
9
70
18
80
14
10
8
10
30
12
42
13
20
21
10
13
10
12
69
72
13
20
13
48
24
25
0
14
71
14
19
18
83
9
7
0
11
11
11
77
13
12
6
10
9
22
14
13
23
10
3
72
87
95
28
68
4
79
88
99
77
93
30
80
81
2
14
80
76
53
0
75
95
84
0
73
80
72
25
43
0
69
0
69
0
78
79
56
0
0
67
5
77
61
56
75
80
72
84
83
72
64
69
0
0
3
82
93
65
0
0
69
0
49
68
73
79
0
75
36
82
81
0
0
77
0
81
68
84
72
76
93
68
98
65
67
67
77
77
2
84
74
70
69
70
88
79
0
68
71
79
75
0
74
71
92
84
16
89
89
95
86
86
84
73
95
87
4
74
76
78
88
70
1
79
60
0
0
79
56
89
87
0
9
99
86
86
75
67
74
65
74
89
62
101
0
24
84
72
80
74
80
21
91
68
6
67
13
89
47
0
88
77
0
67
35
83
62
5
65
70
70
0
12
0
81
69
76
60
74
76
9
42
77
79
84
73
41
74
72
61
11
95
62
59
67
82
72
13
16
12
71
69
84
52
60
77
82
93
21
57
86
25
78
78
68
84
79
81
68
5
88
66
77
82
80
54
54
63
78
104
76
56
68
5
72
65
80
79
7
40
109
65
96
54
80
79
30
11
71
66
70
75
65
81
87
83
74
79
79
89
60
21
69
67
18
0
31
62
83
85
99
32
75
63
85
10
47
88
76
79
89
72
83
70
69
18
78
46
61
14
65
80
36
82
83
60
84
62
96
6
81
13
86
9
76
88
31
63
77
62
54
21
72
80
53
51
66
5
86
0
82
83
15
24
24
85
14
73
33
36
76
0
37
74
82
33
70
53
53
44
14
14
5
26
37
76
28
82
11
17
16
70
16
38
64
15
78
11
32
37
83
65
44
12
70
77
60
19
48
63
18
81
85
22
81
68
4
66
81
85
35
90
90
92
82
0
88
66
32
84
83
66
71
72
13
72
81
55
68
81
34
79
83
71
63
76
87
13
67
20
28
76
87
18
65
19
72
85
76
71
0
0
0
89
0
72
20
78
0
97
73
65
93
65
99
100
65
76
22
88
21
68
78
86
17
21
23
83
80
84
64
91
69
80
81
13
22
106
78
67
79
76
12
47
11
78
73
0
17
29
47
100
66
45
60
78
5
84
31
3
92
98
14
70
41
0
24
77
56
18
96
70
11
6
102
5
87
59
12
16
14
94
60
8
19
65
4
78
13
68
12
87
0
70
69
86
68
0
13
47
57
10
114
63
87
18
32
73
66
18
44
0
53
35
0
0
62
1
0
0
50
3
1
99
83
0
16
27
91
9
79
14
6
14
0
71
23
12
11
42
75
0
68
41
53
7
72
69
72
13
78
86
101
78
84
65
11
9
71
85
68
76
0
12
14
56
0
4
9
85
10
13
82
72
11
80
10
75
82
67
85
17
18
67
54
72
28
79
6
2
13
74
46
8
13
58
14
51
85
67
5
77
30
16
92
13
0
77
83
3
17
0
15
73
93
8
49
76
1
33
64
91
76
11
11
81
82
90
10
80
91
44
18
64
0
68
100
85
91
4
72
13
64
8
76
89
79
88
81
84
12
16
57
5
69
16
80
84
81
69
6
18
21
9
82
76
70
4
81
11
58
27
89
20
10
64
11
3
0
19
12
67
72
0
0
2
48
21
70
0
68
20
78
73
87
36
18
56
63
16
5
68
17
62
13
32
64
71
77
51
54
35
52
5
71
66
63
23
4
89
7
0
7
4
49
6
15
43
46
25
4
38
75
40
73
65
0
50
2
63
0
4
8
69
58
45
0
5
46
6
61
0
0
40
78
79
73
63
65
74
77
0
61
40
24
44
46
75
63
77
65
0
21
51
72
33
93
78
0
71
60
80
26
26
82
72
69
6
58
40
81
70
86
73
5
68
46
31
45
27
8
73
24
62
74
6
0
61
8
77
2
10
71
77
0
60
77
36
63
68
90
121
64
4
63
72
15
23
80
5
33
5
85
57
5
84
79
15
7
0
51
37
59
4
65
67
9
4
71
5
87
63
13
6
74
75
17
22
9
44
55
0
71
54
73
0
4
76
80
67
76
80
21
78
69
14
63
78
91
88
81
65
53
0
0
72
85
25
88
40
69
82
36
80
37
31
88
86
74
81
38
25
25
51
9
79
45
79
70
80
92
84
10
76
64
67
55
77
68
15
15
76
76
89
68
80
83
75
69
50
78
79
92
79
72
8
81
78
84
79
84
67
91
40
72
2
80
74
84
74
85
80
90
66
70
0
62
64
0
77
68
73
59
50
75
79
82
82
63
29
65
71
61
71
81
4
81
29
45
74
62
83
66
57
79
52
37
79
23
64
65
64
67
51
53
84
81
66
82
66
66
10
76
0
75
0
0
0
70
41
6
73
72
48
42
13
74
49
81
72
13
18
70
70
68
0
66
74
78
82
70
59
76
32
6
76
74
59
61
75
56
1
77
15
70
42
56
50
67
72
88
77
74
58
79
71
87
75
42
76
75
90
88
86
51
77
13
73
75
73
100
83
60
73
15
77
83
64
77
75
5
78
76
83
52
43
18
0
87
80
80
72
66
53
69
75
89
70
10
73
81
71
74
55
75
81
67
6
69
0
70
68
65
7
79
9
77
90
48
78
82
0
55
24
77
78
57
6
0
13
0
10
84
79
68
6
11
84
19
80
0
59
71
72
65
61
36
62
61
47
57
67
53
75
65
59
60
40
70
64
12
10
43
54
47
48
85
63
62
48
61
11
56
65
25
56
61
35
22
48
16
81
49
84
87
67
60
76
49
86
61
58
52
29
58
11
11
62
52
57
65
5
43
82
66
59
32
61
83
8
46
59
86
78
21
47
0
74
59
38
49
54
15
69
12
56
0
52
73
60
36
17
60
56
65
73
19
65
47
46
85
0
77
0
0
0
74
36
72
75
84
62
0
31
51
66
49
76
0
63
48
85
89
76
84
85
76
76
81
51
50
57
43
73
80
74
68
89
91
70
69
77
82
70
81
69
19
67
70
65
88
39
77
93
0
0
51
44
67
38
81
0
66
61
55
97
15
43
82
60
45
72
74
40
21
59
91
61
78
67
71
77
72
80
64
26
60
79
4
74
11
56
75
82
10
54
53
5
94
72
84
52
72
86
53
50
47
73
62
34
25
76
28
9
71
75
58
25
80
65
73
55
77
0
76
1
74
42
69
71
67
98
85
83
49
82
0
79
60
13
66
50
46
66
74
43
68
65
81
41
67
34
11
77
47
91
64
76
64
100
68
6
0
15
62
66
71
10
11
86
72
8
77
66
11
36
12
58
70
36
89
39
10
63
67
0
54
54
8
89
82
89
73
79
40
74
52
52
104
86
84
71
84
72
64
59
70
103
0
12
10
33
8
37
0
47
53
89
71
0
90
30
84
48
80
96
12
79
46
94
61
80
75
0
49
71
71
0
99
66
50
16
57
77
88
98
103
0
75
64
91
75
9
97
61
84
85
93
94
99
86
90
100
24
89
90
98
0
92
0
13
35
83
65
65
76
96
0
72
76
74
66
95
89
68
0
78
70
16
73
82
82
89
94
76
0
37
69
0
18
95
73
91
0
0
0
0
114
98
94
71
0
87
63
54
0
87
101
86
91
82
84
0
73
89
90
78
88
71
14
0
59
86
0
94
96
0
51
98
80
86
0
29
72
77
0
93
73
20
21
16
84
72
21
88
71
68
69
86
90
79
87
16
83
74
91
101
85
75
52
82
15
21
23
70
74
94
85
96
91
97
68
84
86
90
79
89
97
74
88
43
72
60
81
64
52
64
83
77
81
59
104
84
55
89
62
25
94
0
95
87
87
78
89
51
92
80
81
80
71
38
87
80
77
77
94
72
91
0
72
81
77
89
8
83
64
63
80
91
84
80
75
70
68
90
80
83
92
57
81
79
80
62
74
93
89
84
80
38
80
76
86
90
77
94
91
76
91
88
4
91
81
99
87
76
91
66
99
79
80
98
78
92
87
83
73
32
77
76
68
81
79
83
88
82
44
80
100
93
76
22
89
14
2
27
36
78
73
50
86
72
42
13
48
21
13
30
70
7
61
69
81
90
58
65
13
68
79
6
68
4
73
32
71
65
74
65
69
27
72
13
86
57
16
91
101
89
84
66
75
85
102
89
22
34
69
23
16
73
86
7
13
0
24
0
90
35
41
72
24
63
73
89
36
21
81
55
94
39
66
71
71
75
68
59
24
58
0
0
63
70
78
20
74
103
63
76
102
59
88
78
81
87
79
74
62
67
67
78
45
88
20
8
93
0
69
78
58
79
91
89
104
0
84
0
75
84
69
72
70
87
43
59
68
83
36
76
65
5
11
66
38
80
65
70
5
18
0
19
20
0
21
5
33
0
2
11
61
81
12
54
17
5
0
9
69
5
3
3
62
31
17
0
36
10
0
60
8
11
8
0
17
63
0
18
16
4
12
13
1
87
25
0
9
37
15
33
8
60
0
4
22
0
1
8
60
68
0
87
71
32
53
13
86
67
66
95
40
58
88
57
61
94
61
75
73
97
76
91
72
79
86
74
65
78
6
85
5
75
0
86
77
0
76
10
87
62
97
0
73
81
69
0
80
79
61
68
73
62
62
0
83
59
64
77
0
61
77
0
73
65
26
11
66
69
0
82
69
71
0
0
85
52
76
55
65
78
80
80
72
87
63
59
84
77
37
0
88
8
78
71
75
84
79
79
85
53
71
67
60
62
73
73
76
76
66
76
41
77
73
75
71
0
0
0
76
73
78
0
7
73
86
69
62
67
95
65
71
4
84
75
76
69
76
68
80
0
87
66
87
6
6
89
83
87
0
94
91
87
88
0
70
76
16
84
102
75
101
28
16
69
56
80
53
3
23
72
66
28
84
68
80
69
73
21
83
70
3
76
73
76
6
76
74
61
0
0
76
77
18
27
60
69
21
61
66
86
79
7
10
60
16
74
51
0
71
77
66
79
62
22
75
95
93
13
60
77
77
65
81
9
14
88
15
91
74
66
70
0
0
93
82
83
68
78
71
0
80
54
91
6
3
79
84
22
20
68
96
65
91
19
31
69
29
25
68
70
70
84
98
89
77
80
14
61
79
0
95
72
68
0
50
0
70
97
68
0
61
76
84
75
17
88
4
9
65
80
82
94
61
16
80
1
7
0
54
83
78
72
89
23
89
95
98
80
67
81
4
49
0
65
65
88
73
89
49
70
79
19
63
15
81
25
29
9
86
86
73
4
85
73
94
10
67
80
0
90
21
98
70
92
67
74
75
73
22
76
95
73
76
75
79
67
85
76
82
67
87
87
59
73
88
0
79
8
102
5
86
74
69
20
74
11
76
63
85
41
82
76
97
65
47
72
37
76
82
62
9
104
84
60
76
62
96
4
11
5
73
82
79
75
55
0
43
47
93
66
2
84
73
80
75
24
28
76
66
80
84
53
62
44
76
0
60
77
64
43
74
68
45
68
92
19
82
3
0
50
41
72
72
80
65
58
65
74
62
6
72
43
0
23
17
38
43
88
72
0
13
8
49
45
12
90
0
9
8
85
69
68
68
49
78
54
76
61
65
84
27
74
66
52
47
63
79
63
47
35
3
19
80
69
57
55
72
78
54
75
75
77
77
63
81
76
67
0
71
76
83
62
68
45
72
12
80
92
36
71
58
74
75
83
70
72
65
84
77
84
75
32
75
81
15
66
78
8
83
55
58
77
71
72
69
76
6
64
78
70
72
72
10
75
73
69
0
78
71
94
33
13
75
52
7
90
69
56
73
72
10
75
69
62
64
9
72
54
85
68
82
53
55
54
65
67
84
69
83
64
65
72
89
70
74
65
78
77
98
73
92
53
81
73
83
84
77
73
72
32
71
60
81
71
77
93
69
73
85
21
88
82
84
68
67
87
72
70
64
75
84
76
87
77
42
31
49
97
45
70
90
78
66
83
75
69
38
88
93
66
68
76
69
68
92
72
77
37
58
78
96
73
69
56
60
74
10
39
72
83
12
61
0
73
82
25
81
66
18
53
68
76
1
59
13
71
84
13
94
75
69
11
74
0
32
12
86
72
67
82
69
35
65
57
77
80
70
43
67
19
87
79
64
48
76
87
25
64
79
80
52
81
46
71
55
70
72
68
0
17
83
80
76
78
51
21
74
48
82
92
70
81
79
40
66
73
50
50
41
74
79
80
64
51
20
68
38
58
63
6
62
25
8
86
72
77
15
64
77
71
8
76
80
72
10
75
73
54
36
9
63
82
10
82
17
0
4
81
69
23
7
52
0
46
93
78
36
71
73
77
74
63
85
75
76
79
77
73
84
75
29
0
73
97
73
0
69
62
86
76
6
78
73
39
82
0
0
0
81
64
75
81
72
75
75
75
67
0
82
59
66
8
82
84
51
76
24
78
76
66
0
66
61
76
65
70
0
0
76
82
69
81
0
99
62
78
67
63
82
83
83
81
88
70
82
63
74
0
69
87
91
68
0
63
74
31
47
83
16
49
20
84
73
88
78
73
71
72
29
0
0
81
87
46
0
37
70
70
81
49
64
68
37
0
71
0
0
78
78
85
87
74
88
34
79
35
68
73
83
69
67
90
67
73
81
81
66
82
81
80
66
57
73
67
41
56
51
76
63
83
69
68
71
76
64
63
38
76
63
80
72
72
47
78
85
93
64
0
67
65
77
69
60
60
21
18
75
81
58
77
84
16
48
23
42
75
54
64
12
18
22
59
27
7
12
26
30
72
19
27
19
73
23
66
79
32
4
16
5
15
58
30
93
0
79
74
0
0
8
77
57
11
3
49
44
7
7
56
11
94
59
14
41
13
73
87
19
1
1
80
22
66
78
13
87
77
69
18
39
35
5
76
18
77
13
31
85
13
3
84
18
70
71
29
89
79
0
17
85
77
29
21
62
0
65
75
33
0
29
27
62
20
6
3
47
78
0
21
16
79
10
17
14
29
0
7
92
9
0
77
15
8
13
14
95
26
17
49
0
55
18
23
78
14
9
4
10
14
83
9
0
60
5
2
71
0
27